ascat_1,ascat_2,ascat_3,date,nic_1,nic_2,nic_3,size_1,size_2
-74.26,-130.28,1,2019263,-74.2667,-130.2833,1,19,5
-74.26,-130.28,1,2019264,0,0,0,0,0
-74.26,-130.28,1,2019265,0,0,0,0,0
-74.2234,-130.3227,1,2019266,0,0,0,0,0
-74.2234,-130.3227,1,2019267,0,0,0,0,0
-74.2234,-130.3227,1,2019268,0,0,0,0,0
-74.2234,-130.3227,1,2019269,0,0,0,0,0
-74.2533,-130.1731,1,2019270,-74.25,-130.4333,1,19,5
-74.3,-130.4653,1,2019271,0,0,0,0,0
-74.3,-130.4653,1,2019272,0,0,0,0,0
-74.3,-130.4653,1,2019273,-74.2366,-130.4136,0,0,0
-74.3,-130.4653,1,2019274,-74.2312,-130.403,0,0,0
-74.2277,-130.3361,1,2019275,-74.2259,-130.3932,0,0,0
-74.1013,-130.3305,1,2019276,-74.2209,-130.3861,0,0,0
-74.1242,-130.1607,1,2019277,-74.2167,-130.3833,1,19,5
-74.1242,-130.1607,1,2019278,0,0,0,0,0
-74.1242,-130.1607,1,2019279,0,0,0,0,0
-74.1242,-130.1607,1,2019280,0,0,0,0,0
-74.1242,-130.1607,1,2019281,0,0,0,0,0
-74.1242,-130.1607,1,2019282,0,0,0,0,0
-74.1242,-130.1607,1,2019283,0,0,0,0,0
-74.1693,-130.3035,1,2019284,0,0,0,0,0
-74.1921,-130.7569,1,2019285,0,0,0,0,0
-74.1921,-130.7569,1,2019286,0,0,0,0,0
-74.1921,-130.7569,1,2019287,0,0,0,0,0
-74.1921,-130.7569,1,2019288,0,0,0,0,0
-74.1921,-130.7569,1,2019289,0,0,0,0,0
-74.188,-131.0356,1,2019290,0,0,0,0,0
-74.188,-131.0356,1,2019291,0,0,0,0,0
-74.2306,-130.9381,1,2019292,0,0,0,0,0
-74.223,-130.8622,1,2019293,0,0,0,0,0
-74.223,-130.8622,1,2019294,0,0,0,0,0
-74.2053,-130.95,1,2019295,0,0,0,0,0
-74.2053,-130.95,1,2019296,0,0,0,0,0
-74.2242,-131.2035,1,2019297,0,0,0,0,0
-74.2242,-131.2035,1,2019298,0,0,0,0,0
-74.2242,-131.2035,1,2019299,0,0,0,0,0
-74.2242,-131.2035,1,2019300,0,0,0,0,0
-74.2242,-131.2035,0,2019301,0,0,0,0,0
-74.2242,-131.2035,1,2019302,0,0,0,0,0
-74.2242,-131.2035,1,2019303,0,0,0,0,0
-74.2242,-131.2035,1,2019304,0,0,0,0,0
-74.2073,-131.2495,1,2019305,0,0,0,0,0
-74.2073,-131.2495,1,2019306,0,0,0,0,0
-74.2073,-131.2495,1,2019307,0,0,0,0,0
-74.2073,-131.2495,1,2019308,0,0,0,0,0
-74.1303,-131.4878,1,2019309,0,0,0,0,0
-74.1622,-131.3083,1,2019310,0,0,0,0,0
-74.1622,-131.3083,1,2019311,0,0,0,0,0
-74.1622,-131.3083,1,2019312,-74.1167,-131.2,1,19,5
-74.1622,-131.3083,1,2019313,-74.1082,-131.1908,0,0,0
-74.124,-131.1845,0,2019314,-74.0947,-131.167,0,0,0
-74.0858,-131.0606,1,2019315,-74.0786,-131.1344,0,0,0
-74.0858,-131.0606,0,2019316,-74.0622,-131.0989,0,0,0
-74.0858,-131.0606,1,2019317,-74.0477,-131.0663,0,0,0
-74.0724,-131.0657,0,2019318,-74.0373,-131.0425,0,0,0
-74.0457,-131.0766,1,2019319,-74.0333,-131.0333,1,19,5
-74.0009,-131.1008,0,2019320,-74.0338,-131.0536,0,0,0
-73.9677,-131.1192,1,2019321,-74.0353,-131.106,0,0,0
-73.9652,-131.0918,0,2019322,-74.0375,-131.1776,0,0,0
-73.9643,-131.0644,1,2019323,-74.0403,-131.2557,0,0,0
-74.014,-131.2894,0,2019324,-74.0434,-131.3273,0,0,0
-74.0754,-131.5144,1,2019325,-74.0467,-131.3797,0,0,0
-74.0961,-131.4419,0,2019326,-74.05,-131.4,1,19,5
-74.1051,-131.3694,1,2019327,-74.0542,-131.3945,0,0,0
-74.1051,-131.3694,0,2019328,-74.0598,-131.3802,0,0,0
-74.1051,-131.3694,0,2019329,-74.0662,-131.3606,0,0,0
-74.1051,-131.3694,0,2019330,-74.0725,-131.3394,0,0,0
-74.1051,-131.3694,0,2019331,-74.078,-131.3198,0,0,0
-74.1051,-131.3694,0,2019332,-74.0818,-131.3055,0,0,0
-74.1051,-131.3694,1,2019333,-74.0833,-131.3,1,19,5
-74.1051,-131.3694,1,2019334,-74.0803,-131.3031,0,0,0
-74.0673,-131.2445,1,2019335,-74.0721,-131.3117,0,0,0
-74.0505,-131.2785,0,2019336,-74.0601,-131.3247,0,0,0
-74.0395,-131.3614,0,2019337,-74.0455,-131.3411,0,0,0
-74.0296,-131.465,0,2019338,-74.0298,-131.3598,0,0,0
-74.0163,-131.5606,1,2019339,-74.0142,-131.3798,0,0,0
-73.9956,-131.6451,1,2019340,-74,-131.4,1,19,5
0,0,0,2019341,-73.9867,-131.4252,0,0,0
0,0,0,2019342,-73.9728,-131.4585,0,0,0
0,0,0,2019343,-73.9584,-131.4967,0,0,0
0,0,0,2019344,-73.9438,-131.5366,0,0,0
0,0,0,2019345,-73.9291,-131.5748,0,0,0
0,0,0,2019346,-73.9144,-131.6081,0,0,0
0,0,0,2019347,-73.9,-131.6333,1,19,5
0,0,0,2019348,-73.8851,-131.6504,0,0,0
0,0,0,2019349,-73.8695,-131.6631,0,0,0
0,0,0,2019350,-73.8536,-131.6735,0,0,0
0,0,0,2019351,-73.8382,-131.6837,0,0,0
0,0,0,2019352,-73.8237,-131.6957,0,0,0
0,0,0,2019353,-73.8108,-131.7115,0,0,0
0,0,0,2019354,-73.8,-131.7333,1,19,5
0,0,0,2019355,-73.7907,-131.7849,0,0,0
0,0,0,2019356,-73.7818,-131.8799,0,0,0
0,0,0,2019357,-73.7735,-132.0054,0,0,0
0,0,0,2019358,-73.766,-132.1483,0,0,0
0,0,0,2019359,-73.7595,-132.2954,0,0,0
0,0,0,2019360,-73.7541,-132.4336,0,0,0
0,0,0,2019361,-73.75,-132.55,1,19,5
0,0,0,2019362,-73.7466,-132.6501,0,0,0
-73.7208,-132.7796,1,2019363,-73.7434,-132.7478,0,0,0
-73.8096,-133.0068,1,2019364,-73.7404,-132.8426,0,0,0
-73.8085,-133.0928,0,2019365,-73.7378,-132.9339,0,0,0
-73.8033,-133.1856,0,2020001,-73.7349,-133.0628,0,0,0
-73.7983,-133.23,0,2020002,-73.7337,-133.1426,0,0,0
-73.7926,-133.2657,0,2020003,-73.7333,-133.2167,1,19,5
-73.7868,-133.2972,0,2020004,-73.7342,-133.29,0,0,0
-73.7814,-133.329,0,2020005,-73.7366,-133.3652,0,0,0
-73.7769,-133.3657,0,2020006,-73.7399,-133.4383,0,0,0
-73.7738,-133.4117,0,2020007,-73.7434,-133.5055,0,0,0
-73.7727,-133.4717,1,2020008,-73.7467,-133.563,0,0,0
-73.7754,-133.576,0,2020009,-73.7491,-133.6069,0,0,0
-73.7805,-133.6982,0,2020010,-73.75,-133.6333,1,19,5
-73.7832,-133.7569,1,2020011,-73.75,-133.6491,0,0,0
-73.7832,-133.7569,1,2020012,-73.75,-133.6633,0,0,0
-73.7832,-133.7569,1,2020013,-73.75,-133.6756,0,0,0
-73.7651,-133.6953,1,2020014,-73.75,-133.6858,0,0,0
-73.7651,-133.6953,1,2020015,-73.75,-133.6935,0,0,0
-73.7651,-133.6953,1,2020016,-73.75,-133.6983,0,0,0
-73.7651,-133.6953,1,2020017,-73.75,-133.7,1,19,5
-73.7651,-133.6953,1,2020018,-73.75,-133.7,0,0,0
-73.7651,-133.6953,1,2020019,-73.75,-133.7,0,0,0
-73.7651,-133.6953,1,2020020,-73.75,-133.7,0,0,0
-73.7651,-133.6953,1,2020021,-73.75,-133.7,0,0,0
-73.7651,-133.6953,1,2020022,-73.75,-133.7,0,0,0
-73.7651,-133.6953,1,2020023,-73.75,-133.7,0,0,0
-73.7651,-133.6953,1,2020024,-73.75,-133.7,1,19,5
-73.7651,-133.6953,1,2020025,-73.75,-133.7,0,0,0
-73.7651,-133.6953,1,2020026,-73.75,-133.7,0,0,0
-73.7651,-133.6953,0,2020027,-73.75,-133.7,0,0,0
-73.7651,-133.6953,0,2020028,-73.75,-133.7,0,0,0
-73.7651,-133.6953,1,2020029,-73.75,-133.7,0,0,0
-73.7651,-133.6953,1,2020030,-73.75,-133.7,0,0,0
-73.7651,-133.6953,1,2020031,-73.75,-133.7,1,19,5
0,0,0,2020032,-73.7509,-133.7046,0,0,0
0,0,0,2020033,-73.7533,-133.7165,0,0,0
0,0,0,2020034,-73.7566,-133.7328,0,0,0
0,0,0,2020035,-73.7601,-133.7505,0,0,0
0,0,0,2020036,-73.7634,-133.7668,0,0,0
0,0,0,2020037,-73.7658,-133.7787,0,0,0
0,0,0,2020038,-73.7667,-133.7833,1,19,5
0,0,0,2020039,-73.7667,-133.7833,0,0,0
0,0,0,2020040,-73.7667,-133.7833,0,0,0
0,0,0,2020041,-73.7667,-133.7833,0,0,0
0,0,0,2020042,-73.7667,-133.7833,0,0,0
0,0,0,2020043,-73.7667,-133.7833,0,0,0
0,0,0,2020044,-73.7667,-133.7833,0,0,0
-73.7852,-133.5152,1,2020045,-73.7667,-133.7833,1,19,5
-73.7943,-133.4969,0,2020046,-73.7676,-133.7805,0,0,0
-73.8136,-133.4743,0,2020047,-73.77,-133.7734,0,0,0
-73.8395,-133.4495,0,2020048,-73.7732,-133.7636,0,0,0
-73.8686,-133.4246,0,2020049,-73.7768,-133.753,0,0,0
-73.8972,-133.4017,0,2020050,-73.78,-133.7432,0,0,0
-73.9221,-133.3827,0,2020051,-73.7824,-133.7361,0,0,0
-73.9395,-133.3699,0,2020052,-73.7833,-133.7333,1,19,5
-73.9461,-133.3651,1,2020053,-73.7833,-133.7342,0,0,0
-73.9461,-133.3651,1,2020054,-73.7833,-133.7366,0,0,0
-73.9541,-133.3534,0,2020055,-73.7833,-133.7399,0,0,0
-73.9691,-133.3316,0,2020056,-73.7833,-133.7434,0,0,0
-73.9771,-133.3199,1,2020057,-73.7833,-133.7467,0,0,0
-73.9771,-133.3199,1,2020058,-73.7833,-133.7491,0,0,0
-73.9771,-133.3199,1,2020059,-73.7833,-133.75,1,19,5
-73.9771,-133.3199,1,2020060,-73.7833,-133.75,0,0,0
-73.9771,-133.3199,1,2020061,-73.7833,-133.75,0,0,0
-73.9531,-133.5955,1,2020062,-73.7833,-133.75,0,0,0
-73.9531,-133.5955,1,2020063,-73.7833,-133.75,0,0,0
-73.9766,-133.7176,1,2020064,-73.7833,-133.75,0,0,0
-73.9766,-133.7176,0,2020065,-73.7833,-133.75,0,0,0
-73.9766,-133.7176,1,2020066,-73.7833,-133.75,1,19,5
-73.9298,-133.6079,1,2020067,-73.7833,-133.75,0,0,0
0,0,0,2020068,-73.7833,-133.75,0,0,0
0,0,0,2020069,-73.7833,-133.75,0,0,0
0,0,0,2020070,-73.7833,-133.75,0,0,0
0,0,0,2020071,-73.7833,-133.75,0,0,0
0,0,0,2020072,-73.7833,-133.75,0,0,0
0,0,0,2020073,-73.7833,-133.75,1,19,5
0,0,0,2020074,-73.7833,-133.75,0,0,0
0,0,0,2020075,-73.7833,-133.75,0,0,0
0,0,0,2020076,-73.7833,-133.75,0,0,0
0,0,0,2020077,-73.7833,-133.75,0,0,0
0,0,0,2020078,-73.7833,-133.75,0,0,0
0,0,0,2020079,-73.7833,-133.75,0,0,0
0,0,0,2020080,-73.7833,-133.75,1,19,5
0,0,0,2020081,-73.7833,-133.75,0,0,0
0,0,0,2020082,-73.7833,-133.75,0,0,0
0,0,0,2020083,-73.7833,-133.75,0,0,0
0,0,0,2020084,-73.7833,-133.75,0,0,0
-73.8728,-133.6129,1,2020085,-73.7833,-133.75,0,0,0
-73.8671,-133.6496,0,2020086,-73.7833,-133.75,0,0,0
-73.8599,-133.7361,0,2020087,-73.7833,-133.75,1,19,5
-73.8522,-133.8391,0,2020088,-73.7833,-133.75,0,0,0
-73.845,-133.9253,0,2020089,-73.7833,-133.75,0,0,0
-73.8394,-133.9614,1,2020090,-73.7833,-133.75,0,0,0
-73.8348,-133.9532,0,2020091,-73.7833,-133.75,0,0,0
-73.8302,-133.9321,0,2020092,-73.7833,-133.75,0,0,0
-73.8258,-133.9033,0,2020093,-73.7833,-133.75,0,0,0
-73.822,-133.8718,0,2020094,-73.7833,-133.75,1,19,5
-73.819,-133.843,0,2020095,-73.7833,-133.75,0,0,0
-73.8169,-133.8219,0,2020096,-73.7833,-133.75,0,0,0
-73.8162,-133.8137,1,2020097,-73.7833,-133.75,0,0,0
-73.8162,-133.8137,1,2020098,-73.7833,-133.75,0,0,0
-73.8162,-133.8137,1,2020099,-73.7833,-133.75,0,0,0
-73.8162,-133.8137,0,2020100,-73.7833,-133.75,0,0,0
-73.8162,-133.8137,1,2020101,-73.7833,-133.75,1,19,5
-73.8067,-133.7825,0,2020102,-73.7827,-133.7489,0,0,0
-73.789,-133.7244,0,2020103,-73.781,-133.746,0,0,0
-73.7795,-133.6932,1,2020104,-73.7785,-133.7416,0,0,0
-73.7795,-133.6932,1,2020105,-73.7756,-133.736,0,0,0
-73.7976,-133.909,1,2020106,-73.7724,-133.7298,0,0,0
-73.7168,-133.7801,1,2020107,-73.7694,-133.7232,0,0,0
-73.7168,-133.7801,0,2020108,-73.7667,-133.7167,1,19,5
-73.7168,-133.7801,1,2020109,-73.764,-133.7083,0,0,0
-73.7168,-133.7801,1,2020110,-73.761,-133.697,0,0,0
-73.7168,-133.7801,1,2020111,-73.7578,-133.6842,0,0,0
-73.7168,-133.7801,1,2020112,-73.7548,-133.6716,0,0,0
-73.7168,-133.7801,0,2020113,-73.7523,-133.6606,0,0,0
-73.7168,-133.7801,1,2020114,-73.7506,-133.6529,0,0,0
-73.7168,-133.7801,0,2020115,-73.75,-133.65,1,19,5
-73.7168,-133.7801,1,2020116,-73.7506,-133.6532,0,0,0
-73.7378,-133.7976,0,2020117,-73.7523,-133.6617,0,0,0
-73.7767,-133.83,0,2020118,-73.7548,-133.6735,0,0,0
-73.7977,-133.8475,1,2020119,-73.7578,-133.6867,0,0,0
-73.7977,-133.8475,1,2020120,-73.761,-133.6996,0,0,0
-73.7977,-133.8475,0,2020121,-73.764,-133.7102,0,0,0
-73.7977,-133.8475,1,2020122,-73.7667,-133.7167,1,19,5
-73.7977,-133.8475,1,2020123,-73.7694,-133.7201,0,0,0
-73.7977,-133.8475,1,2020124,-73.7724,-133.7229,0,0,0
-73.7977,-133.8475,1,2020125,-73.7756,-133.7252,0,0,0
-73.7977,-133.8475,0,2020126,-73.7785,-133.7272,0,0,0
-73.7977,-133.8475,0,2020127,-73.781,-133.7291,0,0,0
-73.7977,-133.8475,1,2020128,-73.7827,-133.7311,0,0,0
-73.7977,-133.8475,1,2020129,-73.7833,-133.7333,1,19,5
-73.7977,-133.8475,0,2020130,-73.7824,-133.736,0,0,0
-73.7977,-133.8475,0,2020131,-73.78,-133.739,0,0,0
-73.7977,-133.8475,0,2020132,-73.7768,-133.7422,0,0,0
-73.7977,-133.8475,0,2020133,-73.7732,-133.7452,0,0,0
-73.7977,-133.8475,0,2020134,-73.77,-133.7477,0,0,0
-73.7977,-133.8475,0,2020135,-73.7676,-133.7494,0,0,0
-73.7977,-133.8475,0,2020136,-73.7667,-133.75,1,19,5
-73.7977,-133.8475,0,2020137,-73.7667,-133.75,0,0,0
-73.7977,-133.8475,1,2020138,-73.7667,-133.75,0,0,0
-73.7977,-133.8475,0,2020139,-73.7667,-133.75,0,0,0
-73.7977,-133.8475,0,2020140,-73.7667,-133.75,0,0,0
-73.7977,-133.8475,1,2020141,-73.7667,-133.75,0,0,0
-73.7977,-133.8475,1,2020142,-73.7667,-133.75,0,0,0
-73.7977,-133.8475,0,2020143,-73.7667,-133.75,1,19,5
-73.7977,-133.8475,0,2020144,-73.7667,-133.75,0,0,0
-73.7977,-133.8475,0,2020145,-73.7667,-133.75,0,0,0
-73.7977,-133.8475,1,2020146,-73.7667,-133.75,0,0,0
-73.7977,-133.8475,1,2020147,-73.7667,-133.75,0,0,0
-73.7977,-133.8475,1,2020148,-73.7667,-133.75,0,0,0
-73.7977,-133.8475,1,2020149,-73.7667,-133.75,0,0,0
-73.7977,-133.8475,0,2020150,-73.7667,-133.75,1,19,5
-73.7977,-133.8475,0,2020151,-73.7667,-133.75,0,0,0
-73.7977,-133.8475,1,2020152,-73.7667,-133.75,0,0,0
-73.7977,-133.8475,1,2020153,-73.7667,-133.75,0,0,0
-73.7977,-133.8475,1,2020154,-73.7667,-133.75,0,0,0
-73.7977,-133.8475,0,2020155,-73.7667,-133.75,0,0,0
-73.7977,-133.8475,1,2020156,-73.7667,-133.75,0,0,0
-73.7977,-133.8475,1,2020157,-73.7667,-133.75,1,19,5
-73.7977,-133.8475,1,2020158,-73.7667,-133.75,0,0,0
-73.7977,-133.8475,1,2020159,-73.7667,-133.75,0,0,0
-73.7977,-133.8475,0,2020160,-73.7667,-133.75,0,0,0
-73.7977,-133.8475,0,2020161,-73.7667,-133.75,0,0,0
-73.7977,-133.8475,0,2020162,-73.7667,-133.75,0,0,0
-73.7977,-133.8475,0,2020163,-73.7667,-133.75,0,0,0
-73.7977,-133.8475,1,2020164,-73.7667,-133.75,1,19,5
-73.7977,-133.8475,1,2020165,-73.7676,-133.7528,0,0,0
-73.7977,-133.8475,1,2020166,-73.77,-133.7599,0,0,0
-73.7977,-133.8475,1,2020167,-73.7732,-133.7697,0,0,0
-73.7977,-133.8475,0,2020168,-73.7768,-133.7803,0,0,0
-73.7977,-133.8475,1,2020169,-73.78,-133.7901,0,0,0
-73.7977,-133.8475,1,2020170,-73.7824,-133.7972,0,0,0
-73.7977,-133.8475,1,2020171,-73.7833,-133.8,1,19,5
-73.7977,-133.8475,1,2020172,-73.7833,-133.8,0,0,0
-73.7977,-133.8475,0,2020173,-73.7833,-133.8,0,0,0
-73.7977,-133.8475,1,2020174,-73.7833,-133.8,0,0,0
-73.7977,-133.8475,1,2020175,-73.7833,-133.8,0,0,0
-73.7977,-133.8475,1,2020176,-73.7833,-133.8,0,0,0
-73.7977,-133.8475,0,2020177,-73.7833,-133.8,0,0,0
-73.7977,-133.8475,1,2020178,-73.7833,-133.8,1,19,5
-73.7977,-133.8475,1,2020179,-73.7833,-133.7991,0,0,0
-73.7977,-133.8475,1,2020180,-73.7833,-133.7967,0,0,0
-73.7977,-133.8475,0,2020181,-73.7833,-133.7934,0,0,0
-73.7977,-133.8475,0,2020182,-73.7833,-133.7899,0,0,0
-73.7977,-133.8475,0,2020183,-73.7833,-133.7866,0,0,0
-73.7977,-133.8475,1,2020184,-73.7833,-133.7842,0,0,0
-73.7845,-133.8102,0,2020185,-73.7833,-133.7833,1,19,5
-73.7713,-133.7729,1,2020186,-73.7833,-133.7833,0,0,0
-73.7713,-133.7729,1,2020187,-73.7833,-133.7833,0,0,0
-73.771,-133.792,0,2020188,-73.7833,-133.7833,0,0,0
-73.7702,-133.8377,0,2020189,-73.7833,-133.7833,0,0,0
-73.7694,-133.8921,0,2020190,-73.7833,-133.7833,0,0,0
-73.7686,-133.9378,0,2020191,-73.7833,-133.7833,0,0,0
-73.7683,-133.9569,1,2020192,-73.7833,-133.7833,1,19,5
-73.7683,-133.9569,0,2020193,-73.7833,-133.7833,0,0,0
-73.7683,-133.9569,0,2020194,-73.7833,-133.7833,0,0,0
-73.7683,-133.9569,0,2020195,-73.7833,-133.7833,0,0,0
-73.7683,-133.9569,0,2020196,-73.7833,-133.7833,0,0,0
-73.7683,-133.9569,1,2020197,-73.7833,-133.7833,0,0,0
-73.7683,-133.9569,0,2020198,-73.7833,-133.7833,0,0,0
-73.7683,-133.9569,1,2020199,-73.7833,-133.7833,1,19,5
-73.7683,-133.9569,0,2020200,-73.7833,-133.7768,0,0,0
-73.7683,-133.9569,1,2020201,-73.7833,-133.7602,0,0,0
-73.7683,-133.9569,1,2020202,-73.7833,-133.7374,0,0,0
-73.7683,-133.9569,0,2020203,-73.7833,-133.7126,0,0,0
-73.7683,-133.9569,0,2020204,-73.7833,-133.6898,0,0,0
-73.7683,-133.9569,1,2020205,-73.7833,-133.6732,0,0,0
-73.7683,-133.9569,0,2020206,-73.7833,-133.6667,1,19,5
-73.7683,-133.9569,0,2020207,-73.7833,-133.6714,0,0,0
-73.7683,-133.9569,0,2020208,-73.7833,-133.6836,0,0,0
-73.7683,-133.9569,0,2020209,-73.7833,-133.7008,0,0,0
-73.7683,-133.9569,1,2020210,-73.7833,-133.7203,0,0,0
-73.7683,-133.9569,1,2020211,-73.7833,-133.7396,0,0,0
-73.7683,-133.9569,0,2020212,-73.7833,-133.7559,0,0,0
-73.7683,-133.9569,0,2020213,-73.7833,-133.7667,1,19,5
-73.7683,-133.9569,1,2020214,-73.7833,-133.7738,0,0,0
-73.7683,-133.9569,1,2020215,-73.7833,-133.7806,0,0,0
-73.7683,-133.9569,1,2020216,-73.7833,-133.7868,0,0,0
-73.7683,-133.9569,1,2020217,-73.7833,-133.7921,0,0,0
-73.7683,-133.9569,1,2020218,-73.7833,-133.7963,0,0,0
-73.7683,-133.9569,0,2020219,-73.7833,-133.799,0,0,0
-73.7683,-133.9569,1,2020220,-73.7833,-133.8,1,19,5
-73.7683,-133.9569,1,2020221,-73.7833,-133.8,0,0,0
-73.7683,-133.9569,1,2020222,-73.7833,-133.8,0,0,0
-73.7683,-133.9569,0,2020223,-73.7833,-133.8,0,0,0
-73.7683,-133.9569,1,2020224,-73.7833,-133.8,0,0,0
-73.7683,-133.9569,1,2020225,-73.7833,-133.8,0,0,0
-73.7683,-133.9569,0,2020226,-73.7833,-133.8,0,0,0
-73.7683,-133.9569,0,2020227,-73.7833,-133.8,1,19,5
-73.7683,-133.9569,0,2020228,-73.7842,-133.8028,0,0,0
-73.7683,-133.9569,1,2020229,-73.7866,-133.8099,0,0,0
-73.7683,-133.9569,1,2020230,-73.7899,-133.8197,0,0,0
-73.7683,-133.9569,1,2020231,-73.7934,-133.8303,0,0,0
-73.7682,-133.9446,0,2020232,-73.7967,-133.8401,0,0,0
-73.7678,-133.9139,0,2020233,-73.7991,-133.8472,0,0,0
-73.7674,-133.8741,0,2020234,-73.8,-133.85,1,19,5
-73.7669,-133.8342,0,2020235,-73.7991,-133.8482,0,0,0
-73.7665,-133.8035,0,2020236,-73.7967,-133.8434,0,0,0
-73.7664,-133.7912,1,2020237,-73.7934,-133.8369,0,0,0
-73.7664,-133.7912,1,2020238,-73.7899,-133.8298,0,0,0
-73.7664,-133.7912,0,2020239,-73.7866,-133.8233,0,0,0
-73.7664,-133.7912,0,2020240,-73.7842,-133.8185,0,0,0
-73.7664,-133.7912,0,2020241,-73.7833,-133.8167,1,19,5
-73.7664,-133.7912,1,2020242,-73.7833,-133.8167,0,0,0
-73.7664,-133.7912,0,2020243,-73.7833,-133.8167,0,0,0
-73.7664,-133.7912,0,2020244,-73.7833,-133.8167,0,0,0
-73.7664,-133.7912,0,2020245,-73.7833,-133.8167,0,0,0
-73.7664,-133.7912,0,2020246,-73.7833,-133.8167,0,0,0
-73.7664,-133.7912,1,2020247,-73.7833,-133.8167,0,0,0
-73.7664,-133.7912,1,2020248,-73.7833,-133.8167,1,19,5
-73.7664,-133.7912,1,2020249,-73.7842,-133.8176,0,0,0
-73.7664,-133.7912,1,2020250,-73.7866,-133.82,0,0,0
-73.7642,-133.7729,0,2020251,-73.7899,-133.8232,0,0,0
-73.7589,-133.7272,0,2020252,-73.7934,-133.8268,0,0,0
-73.7519,-133.6677,0,2020253,-73.7967,-133.83,0,0,0
-73.7448,-133.6082,0,2020254,-73.7991,-133.8324,0,0,0
-73.7395,-133.5625,0,2020255,-73.8,-133.8333,1,19,5
-73.7373,-133.5442,1,2020256,-73.8,-133.8333,0,0,0
-73.7373,-133.5442,0,2020257,-73.8,-133.8333,0,0,0
-73.7373,-133.5442,0,2020258,-73.8,-133.8333,0,0,0
-73.7373,-133.5442,0,2020259,-73.8,-133.8333,0,0,0
-73.7373,-133.5442,0,2020260,-73.8,-133.8333,0,0,0
-73.7373,-133.5442,1,2020261,-73.8,-133.8333,0,0,0
-73.7373,-133.5442,0,2020262,-73.8,-133.8333,1,19,5
-73.7373,-133.5442,0,2020263,-73.8,-133.8333,0,0,0
-73.7373,-133.5442,0,2020264,-73.8,-133.8333,0,0,0
-73.7373,-133.5442,1,2020265,-73.8,-133.8333,0,0,0
-73.7373,-133.5442,0,2020266,-73.8,-133.8333,0,0,0
-73.7373,-133.5442,0,2020267,-73.8,-133.8333,0,0,0
-73.7373,-133.5442,0,2020268,-73.8,-133.8333,0,0,0
-73.7373,-133.5442,1,2020269,-73.8,-133.8333,1,19,5
-73.7373,-133.5442,1,2020270,0,0,0,0,0
-73.7373,-133.5442,1,2020271,0,0,0,0,0
-73.7373,-133.5442,1,2020272,0,0,0,0,0
-73.7373,-133.5442,0,2020273,0,0,0,0,0
-73.7373,-133.5442,1,2020274,0,0,0,0,0
-73.7373,-133.5442,1,2020275,0,0,0,0,0
-73.8,-133.91,1,2020276,0,0,0,0,0
-73.7434,-133.6968,1,2020277,0,0,0,0,0
-73.7434,-133.6968,1,2020278,0,0,0,0,0
-73.7434,-133.6968,1,2020279,0,0,0,0,0
-73.7434,-133.6968,1,2020280,0,0,0,0,0
-73.7434,-133.6968,1,2020281,0,0,0,0,0
-73.7434,-133.6968,1,2020282,0,0,0,0,0
-73.7434,-133.6968,1,2020283,-73.8,-133.8333,1,19,5
-73.7434,-133.6968,1,2020284,-73.8,-133.8333,0,0,0
-73.7434,-133.6968,1,2020285,-73.8,-133.8333,0,0,0
-73.7434,-133.6968,0,2020286,-73.8,-133.8333,0,0,0
-73.7434,-133.6968,1,2020287,-73.8,-133.8333,0,0,0
-73.7434,-133.6968,0,2020288,-73.8,-133.8333,0,0,0
-73.7434,-133.6968,1,2020289,-73.8,-133.8333,0,0,0
-73.7434,-133.6968,0,2020290,-73.8,-133.8333,1,19,5
-73.7434,-133.6968,0,2020291,-73.8,-133.8333,0,0,0
-73.7434,-133.6968,1,2020292,-73.8,-133.8333,0,0,0
-73.7434,-133.6968,1,2020293,-73.8,-133.8333,0,0,0
-73.7434,-133.6968,0,2020294,-73.8,-133.8333,0,0,0
-73.7434,-133.6968,1,2020295,-73.8,-133.8333,0,0,0
-73.7434,-133.6968,1,2020296,-73.8,-133.8333,0,0,0
-73.7434,-133.6968,1,2020297,-73.8,-133.8333,1,19,5
-73.8,-133.91,1,2020298,-73.8,-133.8333,0,0,0
-73.8,-133.91,0,2020299,-73.8,-133.8333,0,0,0
-73.8,-133.91,0,2020300,-73.8,-133.8333,0,0,0
-73.8,-133.91,0,2020301,-73.8,-133.8333,0,0,0
-73.8,-133.91,1,2020302,-73.8,-133.8333,0,0,0
-73.8,-133.91,1,2020303,-73.8,-133.8333,0,0,0
-73.8,-133.91,0,2020304,-73.8,-133.8333,1,19,5
-73.8,-133.91,0,2020305,-73.8,-133.8333,0,0,0
-73.8,-133.91,0,2020306,-73.8,-133.8333,0,0,0
-73.8,-133.91,0,2020307,-73.8,-133.8333,0,0,0
-73.8,-133.91,0,2020308,-73.8,-133.8333,0,0,0
-73.8,-133.91,0,2020309,-73.8,-133.8333,0,0,0
-73.8,-133.91,1,2020310,-73.8,-133.8333,0,0,0
-73.8,-133.91,0,2020311,-73.8,-133.8333,1,19,5
-73.8,-133.91,1,2020312,0,0,0,0,0
-73.8,-133.91,1,2020313,0,0,0,0,0
-73.8,-133.91,0,2020314,0,0,0,0,0
-73.8,-133.91,1,2020315,0,0,0,0,0
-73.8,-133.91,1,2020316,0,0,0,0,0
-73.8,-133.91,1,2020317,0,0,0,0,0
-73.8,-133.91,1,2020318,0,0,0,0,0
-73.8,-133.91,1,2020319,0,0,0,0,0
-73.8,-133.91,1,2020320,0,0,0,0,0
-73.8,-133.91,1,2020321,0,0,0,0,0
-73.8,-133.91,0,2020322,0,0,0,0,0
-73.8,-133.91,1,2020323,0,0,0,0,0
-73.8,-133.91,1,2020324,0,0,0,0,0
-73.8,-133.91,1,2020325,0,0,0,0,0
-73.8,-133.91,1,2020326,0,0,0,0,0
-73.8,-133.91,1,2020327,0,0,0,0,0
-73.8,-133.91,1,2020328,0,0,0,0,0
-73.8,-133.91,1,2020329,0,0,0,0,0
-73.8,-133.91,1,2020330,0,0,0,0,0
-73.8,-133.91,1,2020331,0,0,0,0,0
-73.8,-133.91,1,2020332,0,0,0,0,0
-73.8,-133.91,1,2020333,0,0,0,0,0
-73.8,-133.91,1,2020334,0,0,0,0,0
-73.7376,-133.7999,0,2020335,0,0,0,0,0
-73.6753,-133.6898,1,2020336,0,0,0,0,0
-73.6753,-133.6898,1,2020337,0,0,0,0,0
-73.6753,-133.6898,1,2020338,0,0,0,0,0
-73.6753,-133.6898,1,2020339,0,0,0,0,0
-73.6973,-133.9637,1,2020340,0,0,0,0,0
-73.6768,-133.9622,0,2020341,0,0,0,0,0
-73.6384,-133.9607,1,2020342,0,0,0,0,0
-73.5948,-134.0607,1,2020343,0,0,0,0,0
-73.5948,-134.0607,0,2020344,0,0,0,0,0
-73.5948,-134.0607,1,2020345,0,0,0,0,0
-73.5371,-134.163,1,2020346,0,0,0,0,0
-73.5371,-134.163,1,2020347,0,0,0,0,0
-73.5419,-134.3995,0,2020348,0,0,0,0,0
-73.5538,-134.7726,1,2020349,0,0,0,0,0
-73.5862,-135.025,1,2020350,0,0,0,0,0
-73.6838,-135.3213,1,2020351,0,0,0,0,0
-73.7855,-135.4263,1,2020352,0,0,0,0,0
-73.8513,-135.8857,1,2020353,0,0,0,0,0
-73.9938,-136.1981,1,2020354,0,0,0,0,0
-73.9938,-136.1981,1,2020355,0,0,0,0,0
-74.0244,-136.7569,1,2020356,0,0,0,0,0
-74.0189,-136.9989,1,2020357,0,0,0,0,0
-73.9916,-137.3837,1,2020358,0,0,0,0,0
-73.9916,-137.3837,1,2020359,0,0,0,0,0
-73.7965,-133.7786,1,2020360,0,0,0,0,0
-73.7965,-133.7786,1,2020361,0,0,0,0,0
-73.7965,-133.7786,0,2020362,0,0,0,0,0
-73.7965,-133.7786,1,2020363,0,0,0,0,0
-73.7965,-133.7786,1,2020364,0,0,0,0,0
-73.7965,-133.7786,1,2020365,0,0,0,0,0
-73.7965,-133.7786,0,2020366,-73.79,-133.78,1,12,5
-73.7965,-133.7786,1,2021001,-73.7901,-133.7808,0,0,0
0,0,0,2021002,-73.791,-133.7862,0,0,0
0,0,0,2021003,-73.7926,-133.7956,0,0,0
0,0,0,2021004,-73.7945,-133.807,0,0,0
0,0,0,2021005,-73.7965,-133.8189,0,0,0
0,0,0,2021006,-73.7982,-133.8295,0,0,0
0,0,0,2021007,-73.7995,-133.8371,0,0,0
0,0,0,2021008,-73.8,-133.84,1,12,5
0,0,0,2021009,-73.8,-133.84,0,0,0
0,0,0,2021010,-73.8,-133.84,0,0,0
0,0,0,2021011,-73.8,-133.84,0,0,0
0,0,0,2021012,-73.8,-133.84,0,0,0
0,0,0,2021013,-73.8,-133.84,0,0,0
0,0,0,2021014,-73.8,-133.84,0,0,0
0,0,0,2021015,-73.8,-133.84,1,12,5
0,0,0,2021016,-73.8,-133.84,0,0,0
0,0,0,2021017,-73.8,-133.84,0,0,0
0,0,0,2021018,-73.8,-133.84,0,0,0
0,0,0,2021019,-73.8,-133.84,0,0,0
0,0,0,2021020,-73.8,-133.84,0,0,0
-73.806,-133.9383,1,2021021,-73.8,-133.84,0,0,0
-73.803,-133.8842,0,2021022,-73.8,-133.84,1,12,5
-73.8,-133.83,1,2021023,-73.8,-133.84,0,0,0
-73.8,-133.83,0,2021024,-73.8,-133.84,0,0,0
-73.8,-133.83,0,2021025,-73.8,-133.84,0,0,0
-73.8,-133.83,1,2021026,-73.8,-133.84,0,0,0
-73.8,-133.83,1,2021027,-73.8,-133.84,0,0,0
-73.7908,-133.8597,0,2021028,-73.8,-133.84,0,0,0
-73.7739,-133.915,0,2021029,-73.8,-133.84,1,12,5
-73.7647,-133.9447,1,2021030,-73.8,-133.84,0,0,0
-73.7661,-133.9356,0,2021031,-73.8,-133.84,0,0,0
-73.7695,-133.913,0,2021032,-73.8,-133.84,0,0,0
-73.7739,-133.8836,0,2021033,-73.8,-133.84,0,0,0
-73.7783,-133.8542,0,2021034,-73.8,-133.84,0,0,0
-73.7817,-133.8316,0,2021035,-73.8,-133.84,0,0,0
-73.7831,-133.8225,1,2021036,-73.8,-133.84,1,12,5
-73.7831,-133.8225,1,2021037,-73.8,-133.84,0,0,0
-73.7831,-133.8225,0,2021038,-73.8,-133.84,0,0,0
-73.7831,-133.8225,1,2021039,-73.8,-133.84,0,0,0
-73.7831,-133.8225,0,2021040,-73.8,-133.84,0,0,0
-73.7831,-133.8225,0,2021041,-73.8,-133.84,0,0,0
-73.7831,-133.8225,0,2021042,-73.8,-133.84,0,0,0
-73.7831,-133.8225,1,2021043,-73.8,-133.84,1,12,5
-73.7831,-133.8225,1,2021044,-73.8,-133.84,0,0,0
-73.7831,-133.8225,1,2021045,-73.8,-133.84,0,0,0
-73.7831,-133.8225,1,2021046,-73.8,-133.84,0,0,0
-73.7831,-133.8225,0,2021047,-73.8,-133.84,0,0,0
-73.7831,-133.8225,1,2021048,-73.8,-133.84,0,0,0
-73.7831,-133.8225,1,2021049,-73.8,-133.84,0,0,0
-73.7831,-133.8225,0,2021050,-73.8,-133.84,1,12,5
-73.7831,-133.8225,1,2021051,-73.8,-133.84,0,0,0
0,0,0,2021052,-73.8,-133.84,0,0,0
0,0,0,2021053,-73.8,-133.84,0,0,0
0,0,0,2021054,-73.8,-133.84,0,0,0
0,0,0,2021055,-73.8,-133.84,0,0,0
0,0,0,2021056,-73.8,-133.84,0,0,0
0,0,0,2021057,-73.8,-133.84,1,12,5
0,0,0,2021058,-73.8,-133.84,0,0,0
0,0,0,2021059,-73.8,-133.84,0,0,0
0,0,0,2021060,-73.8,-133.84,0,0,0
0,0,0,2021061,-73.8,-133.84,0,0,0
0,0,0,2021062,-73.8,-133.84,0,0,0
0,0,0,2021063,-73.8,-133.84,0,0,0
0,0,0,2021064,-73.8,-133.84,1,12,5
0,0,0,2021065,-73.8,-133.8406,0,0,0
0,0,0,2021066,-73.8,-133.842,0,0,0
0,0,0,2021067,-73.8,-133.8439,0,0,0
0,0,0,2021068,-73.8,-133.8461,0,0,0
0,0,0,2021069,-73.8,-133.848,0,0,0
0,0,0,2021070,-73.8,-133.8494,0,0,0
0,0,0,2021071,-73.8,-133.85,1,12,5
0,0,0,2021072,-73.8,-133.85,0,0,0
0,0,0,2021073,-73.8,-133.85,0,0,0
0,0,0,2021074,-73.8,-133.85,0,0,0
0,0,0,2021075,-73.8,-133.85,0,0,0
0,0,0,2021076,-73.8,-133.85,0,0,0
0,0,0,2021077,-73.8,-133.85,0,0,0
0,0,0,2021078,-73.8,-133.85,1,12,5
0,0,0,2021079,-73.8,-133.85,0,0,0
0,0,0,2021080,-73.8,-133.85,0,0,0
0,0,0,2021081,-73.8,-133.85,0,0,0
0,0,0,2021082,-73.8,-133.85,0,0,0
0,0,0,2021083,-73.8,-133.85,0,0,0
0,0,0,2021084,-73.8,-133.85,0,0,0
0,0,0,2021085,-73.8,-133.85,1,12,5
0,0,0,2021086,-73.8,-133.85,0,0,0
0,0,0,2021087,-73.8,-133.85,0,0,0
0,0,0,2021088,-73.8,-133.85,0,0,0
0,0,0,2021089,-73.8,-133.85,0,0,0
0,0,0,2021090,-73.8,-133.85,0,0,0
0,0,0,2021091,-73.8,-133.85,0,0,0
0,0,0,2021092,-73.8,-133.85,1,12,5
0,0,0,2021093,-73.7994,-133.8467,0,0,0
0,0,0,2021094,-73.798,-133.8381,0,0,0
0,0,0,2021095,-73.7961,-133.8264,0,0,0
0,0,0,2021096,-73.7939,-133.8136,0,0,0
0,0,0,2021097,-73.792,-133.8019,0,0,0
0,0,0,2021098,-73.7906,-133.7933,0,0,0
0,0,0,2021099,-73.79,-133.79,1,12,5
0,0,0,2021100,-73.7906,-133.7928,0,0,0
0,0,0,2021101,-73.792,-133.7999,0,0,0
0,0,0,2021102,-73.7939,-133.8097,0,0,0
0,0,0,2021103,-73.7961,-133.8203,0,0,0
0,0,0,2021104,-73.798,-133.8301,0,0,0
-73.7722,-133.8678,1,2021105,-73.7994,-133.8372,0,0,0
-73.7722,-133.8678,0,2021106,-73.8,-133.84,1,12,5
-73.7722,-133.8678,1,2021107,-73.8,-133.84,0,0,0
-73.7722,-133.8678,1,2021108,-73.8,-133.84,0,0,0
-73.7722,-133.8678,1,2021109,-73.8,-133.84,0,0,0
-73.7722,-133.8678,1,2021110,-73.8,-133.84,0,0,0
-73.7722,-133.8678,1,2021111,-73.8,-133.84,0,0,0
-73.7722,-133.8678,0,2021112,-73.8,-133.84,0,0,0
-73.7722,-133.8678,0,2021113,-73.8,-133.84,1,12,5
-73.7722,-133.8678,0,2021114,-73.8,-133.8406,0,0,0
-73.7722,-133.8678,1,2021115,-73.8,-133.842,0,0,0
-73.7722,-133.8678,1,2021116,-73.8,-133.8439,0,0,0
-73.7722,-133.8678,1,2021117,-73.8,-133.8461,0,0,0
-73.7722,-133.8678,0,2021118,-73.8,-133.848,0,0,0
-73.7722,-133.8678,1,2021119,-73.8,-133.8494,0,0,0
-73.7722,-133.8678,0,2021120,-73.8,-133.85,1,12,5
-73.7722,-133.8678,1,2021121,-73.8,-133.85,0,0,0
-73.7722,-133.8678,1,2021122,-73.8,-133.85,0,0,0
-73.7722,-133.8678,1,2021123,-73.8,-133.85,0,0,0
-73.7722,-133.8678,1,2021124,-73.8,-133.85,0,0,0
-73.7722,-133.8678,1,2021125,-73.8,-133.85,0,0,0
-73.7722,-133.8678,1,2021126,-73.8,-133.85,0,0,0
-73.7722,-133.8678,0,2021127,-73.8,-133.85,1,12,5
-73.7722,-133.8678,1,2021128,-73.8,-133.85,0,0,0
-73.7722,-133.8678,1,2021129,-73.8,-133.85,0,0,0
-73.7722,-133.8678,1,2021130,-73.8,-133.85,0,0,0
-73.7722,-133.8678,1,2021131,-73.8,-133.85,0,0,0
-73.7722,-133.8678,0,2021132,-73.8,-133.85,0,0,0
-73.7722,-133.8678,0,2021133,-73.8,-133.85,0,0,0
-73.7722,-133.8678,1,2021134,-73.8,-133.85,1,12,5
-73.7722,-133.8678,0,2021135,-73.7994,-133.8483,0,0,0
-73.7722,-133.8678,1,2021136,-73.798,-133.8441,0,0,0
-73.7722,-133.8678,1,2021137,-73.7961,-133.8382,0,0,0
-73.7722,-133.8678,0,2021138,-73.7939,-133.8318,0,0,0
-73.7722,-133.8678,0,2021139,-73.792,-133.8259,0,0,0
-73.7722,-133.8678,1,2021140,-73.7906,-133.8217,0,0,0
-73.7722,-133.8678,1,2021141,-73.79,-133.82,1,12,5
-73.7722,-133.8678,0,2021142,-73.79,-133.82,0,0,0
-73.7722,-133.8678,1,2021143,-73.79,-133.82,0,0,0
-73.7722,-133.8678,1,2021144,-73.79,-133.82,0,0,0
-73.7722,-133.8678,1,2021145,-73.79,-133.82,0,0,0
-73.7722,-133.8678,1,2021146,-73.79,-133.82,0,0,0
-73.7722,-133.8678,1,2021147,-73.79,-133.82,0,0,0
-73.7722,-133.8678,0,2021148,-73.79,-133.82,1,12,5
-73.7722,-133.8678,0,2021149,-73.79,-133.82,0,0,0
-73.7722,-133.8678,0,2021150,-73.79,-133.82,0,0,0
-73.7722,-133.8678,1,2021151,-73.79,-133.82,0,0,0
-73.7722,-133.8678,0,2021152,-73.79,-133.82,0,0,0
-73.7722,-133.8678,1,2021153,-73.79,-133.82,0,0,0
-73.7722,-133.8678,1,2021154,-73.79,-133.82,0,0,0
-73.7722,-133.8678,1,2021155,-73.79,-133.82,1,12,5
-73.7722,-133.8678,0,2021156,-73.79,-133.82,0,0,0
-73.7722,-133.8678,0,2021157,-73.79,-133.82,0,0,0
-73.7722,-133.8678,0,2021158,-73.79,-133.82,0,0,0
-73.7722,-133.8678,0,2021159,-73.79,-133.82,0,0,0
-73.7722,-133.8678,0,2021160,-73.79,-133.82,0,0,0
-73.7722,-133.8678,1,2021161,-73.79,-133.82,0,0,0
-73.7722,-133.8678,0,2021162,-73.79,-133.82,1,12,5
-73.7722,-133.8678,0,2021163,-73.79,-133.82,0,0,0
-73.7722,-133.8678,1,2021164,-73.79,-133.82,0,0,0
-73.7722,-133.8678,0,2021165,-73.79,-133.82,0,0,0
-73.7722,-133.8678,1,2021166,-73.79,-133.82,0,0,0
-73.7722,-133.8678,1,2021167,-73.79,-133.82,0,0,0
-73.7722,-133.8678,1,2021168,-73.79,-133.82,0,0,0
-73.7722,-133.8678,0,2021169,-73.79,-133.82,1,12,5
-73.7722,-133.8678,1,2021170,-73.7911,-133.8183,0,0,0
-73.7722,-133.8678,1,2021171,-73.794,-133.8141,0,0,0
-73.7722,-133.8678,1,2021172,-73.7979,-133.8082,0,0,0
-73.7722,-133.8678,1,2021173,-73.8021,-133.8018,0,0,0
-73.7722,-133.8678,0,2021174,-73.806,-133.7959,0,0,0
-73.7722,-133.8678,1,2021175,-73.8089,-133.7917,0,0,0
-73.8014,-133.6603,1,2021176,-73.81,-133.79,1,12,5
-73.8014,-133.6603,1,2021177,-73.81,-133.7911,0,0,0
-73.8014,-133.6603,1,2021178,-73.81,-133.794,0,0,0
-73.7916,-133.7345,1,2021179,-73.81,-133.7979,0,0,0
-73.7916,-133.7345,0,2021180,-73.81,-133.8021,0,0,0
-73.7916,-133.7345,1,2021181,-73.81,-133.806,0,0,0
-73.7916,-133.7345,1,2021182,-73.81,-133.8089,0,0,0
-73.7916,-133.7345,1,2021183,-73.81,-133.81,1,12,5
-73.7916,-133.7345,1,2021184,-73.81,-133.81,0,0,0
-73.7916,-133.7345,1,2021185,-73.81,-133.81,0,0,0
-73.7916,-133.7345,1,2021186,-73.81,-133.81,0,0,0
-73.7832,-133.9624,1,2021187,-73.81,-133.81,0,0,0
-73.7832,-133.9624,1,2021188,-73.81,-133.81,0,0,0
-73.7832,-133.9624,1,2021189,-73.81,-133.81,0,0,0
-73.81,-133.81,1,2021190,-73.81,-133.81,1,12,5
-73.81,-133.81,1,2021191,-73.81,-133.81,0,0,0
-73.81,-133.81,0,2021192,-73.81,-133.81,0,0,0
-73.81,-133.81,0,2021193,-73.81,-133.81,0,0,0
-73.81,-133.81,0,2021194,-73.81,-133.81,0,0,0
-73.81,-133.81,1,2021195,-73.81,-133.81,0,0,0
-73.81,-133.81,1,2021196,-73.81,-133.81,0,0,0
-73.81,-133.81,1,2021197,-73.81,-133.81,1,12,5
-73.81,-133.81,0,2021198,-73.81,-133.81,0,0,0
-73.81,-133.81,0,2021199,-73.81,-133.81,0,0,0
-73.81,-133.81,0,2021200,-73.81,-133.81,0,0,0
-73.81,-133.81,0,2021201,-73.81,-133.81,0,0,0
-73.81,-133.81,0,2021202,-73.81,-133.81,0,0,0
-73.81,-133.81,1,2021203,-73.81,-133.81,0,0,0
-73.81,-133.81,1,2021204,-73.81,-133.81,1,12,5
-73.81,-133.81,1,2021205,-73.8083,-133.8072,0,0,0
-73.81,-133.81,1,2021206,-73.8041,-133.8001,0,0,0
-73.81,-133.81,1,2021207,-73.7982,-133.7903,0,0,0
-73.81,-133.81,1,2021208,-73.7918,-133.7797,0,0,0
-73.81,-133.81,1,2021209,-73.7859,-133.7699,0,0,0
-73.81,-133.81,1,2021210,-73.7817,-133.7628,0,0,0
-73.81,-133.81,1,2021211,-73.78,-133.76,1,12,5
-73.81,-133.81,1,2021212,-73.78,-133.76,0,0,0
-73.81,-133.81,1,2021213,-73.78,-133.76,0,0,0
-73.81,-133.81,1,2021214,-73.78,-133.76,0,0,0
-73.81,-133.81,1,2021215,-73.78,-133.76,0,0,0
-73.81,-133.81,1,2021216,-73.78,-133.76,0,0,0
-73.81,-133.81,1,2021217,-73.78,-133.76,0,0,0
-73.81,-133.81,1,2021218,-73.78,-133.76,1,12,5
-73.81,-133.81,1,2021219,-73.7756,-133.6891,0,0,0
-73.81,-133.81,1,2021220,-73.7641,-133.5052,0,0,0
-73.81,-133.81,1,2021221,-73.7485,-133.2514,0,0,0
-73.848,-133.7744,0,2021222,-73.7315,-132.9708,0,0,0
-73.8859,-133.7387,1,2021223,-73.7159,-132.7066,0,0,0
-73.8859,-133.7387,1,2021224,-73.7044,-132.502,0,0,0
-73.8859,-133.7387,1,2021225,-73.7,-132.4,1,12,5
-73.6861,-132.146,1,2021226,-73.7023,-132.3656,0,0,0
-73.6861,-132.146,1,2021227,-73.7084,-132.3352,0,0,0
-73.6861,-132.146,0,2021228,-73.7173,-132.3094,0,0,0
-73.6861,-132.146,1,2021229,-73.728,-132.2885,0,0,0
-73.7592,-132.2973,1,2021230,-73.7394,-132.273,0,0,0
-73.7592,-132.2973,1,2021231,-73.7504,-132.2633,0,0,0
-73.7626,-132.3382,0,2021232,-73.76,-132.26,1,12,5
-73.7683,-132.4242,1,2021233,-73.7696,-132.3398,0,0,0
-73.7737,-132.5855,0,2021234,-73.7806,-132.5455,0,0,0
-73.7799,-132.8495,0,2021235,-73.792,-132.8268,0,0,0
-73.7862,-133.1573,0,2021236,-73.8027,-133.1332,0,0,0
-73.7917,-133.45,0,2021237,-73.8116,-133.4145,0,0,0
-73.7956,-133.6689,0,2021238,-73.8177,-133.6202,0,0,0
-73.7971,-133.7549,1,2021239,-73.82,-133.7,1,12,5
-73.7971,-133.7549,1,2021240,-73.82,-133.7,0,0,0
-73.8103,-133.9502,1,2021241,-73.82,-133.7,0,0,0
-73.8083,-133.9432,0,2021242,-73.82,-133.7,0,0,0
-73.8038,-133.9279,0,2021243,-73.82,-133.7,0,0,0
-73.7993,-133.9126,0,2021244,-73.82,-133.7,0,0,0
-73.7973,-133.9056,1,2021245,-73.82,-133.7,0,0,0
-73.7973,-133.9056,0,2021246,-73.82,-133.7,1,12,5
-73.7973,-133.9056,0,2021247,-73.8209,-133.7233,0,0,0
-73.7973,-133.9056,0,2021248,-73.8232,-133.7833,0,0,0
-73.7973,-133.9056,1,2021249,-73.8265,-133.8653,0,0,0
-73.7993,-133.9175,0,2021250,-73.8303,-133.9547,0,0,0
-73.8046,-133.9481,0,2021251,-73.8341,-134.0367,0,0,0
-73.812,-133.99,0,2021252,-73.8375,-134.0967,0,0,0
-73.8203,-134.0356,0,2021253,-73.84,-134.12,1,12,5
-73.8285,-134.0775,0,2021254,-73.8418,-134.1175,0,0,0
-73.8355,-134.1081,0,2021255,-73.8433,-134.1111,0,0,0
-73.84,-134.12,1,2021256,-73.8448,-134.1021,0,0,0
-73.8429,-134.1148,0,2021257,-73.8461,-134.092,0,0,0
-73.8456,-134.1024,0,2021258,-73.8473,-134.0823,0,0,0
-73.8479,-134.0876,0,2021259,-73.8486,-134.0745,0,0,0
-73.8494,-134.0752,0,2021260,-73.85,-134.07,1,12,5
-73.85,-134.07,1,2021261,-73.8516,-134.0677,0,0,0
-73.85,-134.07,1,2021262,-73.8534,-134.0656,0,0,0
-73.85,-134.07,0,2021263,-73.8553,-134.0637,0,0,0
-73.85,-134.07,1,2021264,-73.8571,-134.0622,0,0,0
-73.85,-134.07,0,2021265,-73.8586,-134.061,0,0,0
-73.85,-134.07,0,2021266,-73.8596,-134.0603,0,0,0
-73.85,-134.07,1,2021267,-73.86,-134.06,1,12,5
-73.85,-134.07,1,2021268,-73.86,-134.06,0,0,0
-73.85,-134.07,0,2021269,-73.86,-134.06,0,0,0
-73.85,-134.07,0,2021270,-73.86,-134.06,0,0,0
-73.85,-134.07,1,2021271,-73.86,-134.06,0,0,0
-73.85,-134.07,0,2021272,-73.86,-134.06,0,0,0
-73.85,-134.07,0,2021273,-73.86,-134.06,0,0,0
-73.85,-134.07,0,2021274,-73.86,-134.06,1,12,5
-73.85,-134.07,0,2021275,-73.86,-134.06,0,0,0
-73.85,-134.07,0,2021276,-73.86,-134.06,0,0,0
-73.85,-134.07,1,2021277,-73.86,-134.06,0,0,0
-73.85,-134.07,1,2021278,-73.86,-134.06,0,0,0
-73.85,-134.07,1,2021279,-73.86,-134.06,0,0,0
-73.85,-134.07,0,2021280,-73.86,-134.06,0,0,0
-73.85,-134.07,0,2021281,-73.86,-134.06,1,12,5
-73.85,-134.07,1,2021282,-73.86,-134.06,0,0,0
-73.85,-134.0332,0,2021283,-73.86,-134.06,0,0,0
-73.8498,-133.9522,0,2021284,-73.86,-134.06,0,0,0
-73.8496,-133.8711,0,2021285,-73.86,-134.06,0,0,0
-73.8492,-133.8343,1,2021286,-73.86,-134.06,0,0,0
-73.8423,-133.9103,1,2021287,-73.86,-134.06,0,0,0
-73.8423,-133.9103,1,2021288,-73.86,-134.06,1,12,5
-73.8423,-133.9103,1,2021289,-73.86,-134.0611,0,0,0
-73.8423,-133.9103,1,2021290,-73.86,-134.064,0,0,0
-73.8383,-133.9467,0,2021291,-73.86,-134.0679,0,0,0
-73.8343,-133.9831,1,2021292,-73.86,-134.0721,0,0,0
-73.8343,-133.9831,1,2021293,-73.86,-134.076,0,0,0
-73.8469,-134.0316,0,2021294,-73.86,-134.0789,0,0,0
-73.86,-134.08,1,2021295,-73.86,-134.08,1,12,5
-73.8607,-134.071,0,2021296,-73.86,-134.08,0,0,0
-73.8612,-134.0497,0,2021297,-73.86,-134.08,0,0,0
-73.8614,-134.0246,0,2021298,-73.86,-134.08,0,0,0
-73.8615,-134.0041,1,2021299,-73.86,-134.08,0,0,0
-73.8596,-133.9886,0,2021300,-73.86,-134.08,0,0,0
-73.8552,-133.9736,0,2021301,-73.86,-134.08,0,0,0
-73.8499,-133.9599,0,2021302,-73.86,-134.08,1,12,5
-73.8455,-133.9485,0,2021303,-73.86,-134.08,0,0,0
-73.8436,-133.9401,1,2021304,-73.86,-134.08,0,0,0
-73.8441,-133.9337,0,2021305,-73.86,-134.08,0,0,0
-73.8453,-133.9276,0,2021306,-73.86,-134.08,0,0,0
-73.847,-133.9223,0,2021307,-73.86,-134.08,0,0,0
-73.8486,-133.9181,0,2021308,-73.86,-134.08,0,0,0
-73.8499,-133.9153,0,2021309,-73.86,-134.08,1,12,5
-73.8505,-133.9143,1,2021310,-73.86,-134.08,0,0,0
-73.8506,-133.9165,0,2021311,-73.86,-134.08,0,0,0
-73.8507,-133.9225,0,2021312,-73.86,-134.08,0,0,0
-73.8508,-133.9316,0,2021313,-73.86,-134.08,0,0,0
-73.8509,-133.9432,0,2021314,-73.86,-134.08,0,0,0
-73.851,-133.9565,0,2021315,-73.86,-134.08,0,0,0
-73.8511,-133.9709,0,2021316,-73.86,-134.08,1,12,5
-73.8511,-133.9856,0,2021317,-73.86,-134.0783,0,0,0
-73.8512,-134,0,2021318,-73.86,-134.0741,0,0,0
-73.8512,-134.0133,0,2021319,-73.86,-134.0682,0,0,0
-73.8513,-134.0249,0,2021320,-73.86,-134.0618,0,0,0
-73.8513,-134.034,0,2021321,-73.86,-134.0559,0,0,0
-73.8513,-134.04,0,2021322,-73.86,-134.0517,0,0,0
-73.8513,-134.0422,1,2021323,-73.86,-134.05,1,12,5
-73.8513,-134.0422,1,2021324,-73.86,-134.05,0,0,0
-73.8513,-134.0422,1,2021325,-73.86,-134.05,0,0,0
-73.8513,-134.0422,0,2021326,-73.86,-134.05,0,0,0
-73.8513,-134.0422,0,2021327,-73.86,-134.05,0,0,0
-73.8513,-134.0422,0,2021328,-73.86,-134.05,0,0,0
-73.8513,-134.0422,1,2021329,-73.86,-134.05,0,0,0
-73.8513,-134.0422,1,2021330,-73.86,-134.05,1,12,5
-73.8513,-134.0422,1,2021331,-73.86,-134.0492,0,0,0
-73.8513,-134.0422,1,2021332,-73.86,-134.0472,0,0,0
-73.8513,-134.0422,1,2021333,-73.86,-134.0442,0,0,0
0,0,0,2021334,-73.86,-134.0407,0,0,0
0,0,0,2021335,-73.86,-134.0369,0,0,0
0,0,0,2021336,-73.86,-134.0332,0,0,0
0,0,0,2021337,-73.86,-134.03,1,12,5
0,0,0,2021338,-73.86,-134.0268,0,0,0
0,0,0,2021339,-73.86,-134.0231,0,0,0
0,0,0,2021340,-73.86,-134.0193,0,0,0
0,0,0,2021341,-73.86,-134.0158,0,0,0
0,0,0,2021342,-73.86,-134.0128,0,0,0
0,0,0,2021343,-73.86,-134.0108,0,0,0
0,0,0,2021344,-73.86,-134.01,1,12,5
0,0,0,2021345,-73.86,-134.0111,0,0,0
0,0,0,2021346,-73.86,-134.014,0,0,0
0,0,0,2021347,-73.86,-134.0179,0,0,0
0,0,0,2021348,-73.86,-134.0221,0,0,0
0,0,0,2021349,-73.86,-134.026,0,0,0
0,0,0,2021350,-73.86,-134.0289,0,0,0
0,0,0,2021351,-73.86,-134.03,1,12,5
0,0,0,2021352,-73.8606,-134.0278,0,0,0
0,0,0,2021353,-73.862,-134.0221,0,0,0
-73.8513,-134.0422,1,2021354,-73.8639,-134.0143,0,0,0
-73.8513,-134.0422,0,2021355,-73.8661,-134.0057,0,0,0
-73.8513,-134.0422,0,2021356,-73.868,-133.9979,0,0,0
-73.8513,-134.0422,0,2021357,-73.8694,-133.9922,0,0,0
-73.8513,-134.0422,0,2021358,-73.87,-133.99,1,12,5
-73.8513,-134.0422,0,2021359,-73.8694,-133.9906,0,0,0
-73.8513,-134.0422,1,2021360,-73.868,-133.992,0,0,0
-73.8513,-134.0422,0,2021361,-73.8661,-133.9939,0,0,0
-73.8513,-134.0422,0,2021362,-73.8639,-133.9961,0,0,0
-73.8513,-134.0422,0,2021363,-73.862,-133.998,0,0,0
-73.8513,-134.0422,1,2021364,-73.8606,-133.9994,0,0,0
-73.8544,-134.0273,0,2021365,-73.86,-134,1,12,5
-73.86,-134,1,2022001,-73.86,-133.999,0,0,0
-73.86,-134,1,2022002,-73.86,-133.9974,0,0,0
-73.86,-134,0,2022003,-73.86,-133.9955,0,0,0
-73.86,-134,1,2022004,-73.86,-133.9935,0,0,0
-73.86,-134,1,2022005,-73.86,-133.9918,0,0,0
-73.8533,-133.9485,1,2022006,-73.86,-133.9905,0,0,0
-73.8533,-133.9485,0,2022007,-73.86,-133.99,1,12,5
-73.8533,-133.9485,0,2022008,-73.86,-133.9917,0,0,0
-73.8533,-133.9485,0,2022009,-73.86,-133.9959,0,0,0
-73.8533,-133.9485,1,2022010,-73.86,-134.0018,0,0,0
-73.8533,-133.9485,1,2022011,-73.86,-134.0082,0,0,0
-73.8533,-133.9485,1,2022012,-73.86,-134.0141,0,0,0
-73.8383,-133.9217,0,2022013,-73.86,-134.0183,0,0,0
-73.8233,-133.8949,1,2022014,-73.86,-134.02,1,12,5
-73.8742,-133.9207,1,2022015,-73.86,-134.0194,0,0,0
-73.8523,-133.9953,1,2022016,-73.86,-134.018,0,0,0
-73.8523,-133.9953,0,2022017,-73.86,-134.0161,0,0,0
-73.8523,-133.9953,1,2022018,-73.86,-134.0139,0,0,0
-73.8523,-133.9953,1,2022019,-73.86,-134.012,0,0,0
-73.8523,-133.9953,1,2022020,-73.86,-134.0106,0,0,0
-73.8523,-133.9953,1,2022021,-73.86,-134.01,1,12,5
-73.8523,-133.9953,1,2022022,-73.86,-134.0111,0,0,0
-73.8523,-133.9953,1,2022023,-73.86,-134.014,0,0,0
-73.8523,-133.9953,0,2022024,-73.86,-134.0179,0,0,0
-73.8523,-133.9953,1,2022025,-73.86,-134.0221,0,0,0
-73.8523,-133.9953,1,2022026,-73.86,-134.026,0,0,0
-73.8523,-133.9953,1,2022027,-73.86,-134.0289,0,0,0
-73.8523,-133.9953,1,2022028,-73.86,-134.03,1,12,5
-73.8523,-133.9953,0,2022029,-73.86,-134.0283,0,0,0
-73.8523,-133.9953,0,2022030,-73.86,-134.0241,0,0,0
-73.8523,-133.9953,1,2022031,-73.86,-134.0182,0,0,0
-73.8523,-133.9953,0,2022032,-73.86,-134.0118,0,0,0
-73.8523,-133.9953,1,2022033,-73.86,-134.0059,0,0,0
-73.8523,-133.9953,1,2022034,-73.86,-134.0017,0,0,0
-73.8523,-133.9953,0,2022035,-73.86,-134,1,12,5
-73.8523,-133.9953,0,2022036,-73.86,-134.0006,0,0,0
-73.8523,-133.9953,1,2022037,-73.86,-134.002,0,0,0
-73.8523,-133.9953,1,2022038,-73.86,-134.0039,0,0,0
-73.8523,-133.9953,0,2022039,-73.86,-134.0061,0,0,0
-73.8523,-133.9953,1,2022040,-73.86,-134.008,0,0,0
-73.8523,-133.9953,1,2022041,-73.86,-134.0094,0,0,0
-73.86,-134.01,1,2022042,-73.86,-134.01,1,12,5
-73.86,-134.01,1,2022043,-73.86,-134.01,0,0,0
-73.86,-134.01,1,2022044,-73.86,-134.01,0,0,0
-73.86,-134.01,0,2022045,-73.86,-134.01,0,0,0
-73.86,-134.01,0,2022046,-73.86,-134.01,0,0,0
-73.86,-134.01,0,2022047,-73.86,-134.01,0,0,0
-73.86,-134.01,1,2022048,-73.86,-134.01,0,0,0
-73.86,-134.01,1,2022049,-73.86,-134.01,1,12,5
-73.86,-134.01,0,2022050,-73.86,-134.01,0,0,0
-73.86,-134.01,1,2022051,-73.86,-134.01,0,0,0
-73.86,-134.01,1,2022052,-73.86,-134.01,0,0,0
-73.86,-134.01,1,2022053,-73.86,-134.01,0,0,0
-73.86,-134.01,0,2022054,-73.86,-134.01,0,0,0
-73.86,-134.01,0,2022055,-73.86,-134.01,0,0,0
-73.86,-134.01,0,2022056,-73.86,-134.01,1,12,5
-73.86,-134.01,0,2022057,-73.8583,-134.0061,0,0,0
-73.86,-134.01,0,2022058,-73.8541,-133.9961,0,0,0
-73.86,-134.01,1,2022059,-73.8482,-133.9824,0,0,0
-73.86,-134.01,0,2022060,-73.8418,-133.9676,0,0,0
-73.86,-134.01,0,2022061,-73.8359,-133.9539,0,0,0
-73.86,-134.01,1,2022062,-73.8317,-133.9439,0,0,0
-73.86,-134.01,0,2022063,-73.83,-133.94,1,12,5
-73.86,-134.01,1,2022064,-73.8322,-133.9439,0,0,0
-73.86,-134.01,1,2022065,-73.8379,-133.9539,0,0,0
-73.86,-134.01,1,2022066,-73.8457,-133.9676,0,0,0
-73.86,-134.01,0,2022067,-73.8543,-133.9824,0,0,0
-73.86,-134.01,1,2022068,-73.8621,-133.9961,0,0,0
-73.86,-134.01,1,2022069,-73.8678,-134.0061,0,0,0
-73.86,-134.01,1,2022070,-73.87,-134.01,1,12,5
-73.86,-134.01,1,2022071,-73.87,-134.01,0,0,0
-73.86,-134.01,0,2022072,-73.87,-134.01,0,0,0
-73.86,-134.01,1,2022073,-73.87,-134.01,0,0,0
-73.86,-134.01,1,2022074,-73.87,-134.01,0,0,0
-73.86,-134.01,1,2022075,-73.87,-134.01,0,0,0
-73.86,-134.01,1,2022076,-73.87,-134.01,0,0,0
-73.86,-134.01,1,2022077,-73.87,-134.01,1,12,5
-73.86,-134.01,0,2022078,-73.8691,-134.0067,0,0,0
-73.86,-134.01,1,2022079,-73.8668,-133.9981,0,0,0
-73.86,-134.01,1,2022080,-73.8635,-133.9864,0,0,0
-73.86,-134.01,1,2022081,-73.8597,-133.9736,0,0,0
-73.86,-134.01,1,2022082,-73.8559,-133.9619,0,0,0
-73.86,-134.01,1,2022083,-73.8525,-133.9533,0,0,0
-73.86,-134.01,1,2022084,-73.85,-133.95,1,12,5
-73.86,-134.01,1,2022085,-73.8482,-133.9534,0,0,0
-73.86,-134.01,1,2022086,-73.8467,-133.9623,0,0,0
-73.86,-134.01,1,2022087,-73.8452,-133.975,0,0,0
-73.86,-134.01,1,2022088,-73.8439,-133.9899,0,0,0
-73.86,-134.01,1,2022089,-73.8427,-134.0052,0,0,0
-73.86,-134.01,1,2022090,-73.8414,-134.0191,0,0,0
-73.8569,-134.0131,0,2022091,-73.84,-134.03,1,12,5
-73.85,-134.02,0,2022092,-73.8386,-134.0383,0,0,0
-73.8431,-134.0269,0,2022093,-73.8373,-134.0457,0,0,0
-73.84,-134.03,1,2022094,-73.8361,-134.0526,0,0,0
-73.84,-134.03,1,2022095,-73.8348,-134.0591,0,0,0
-73.84,-134.03,1,2022096,-73.8333,-134.0657,0,0,0
-73.8362,-134.0482,0,2022097,-73.8318,-134.0726,0,0,0
-73.8266,-134.0936,0,2022098,-73.83,-134.08,1,12,5
-73.8141,-134.1527,0,2022099,-73.8275,-134.0883,0,0,0
-73.8016,-134.2117,0,2022100,-73.8241,-134.0975,0,0,0
-73.792,-134.2571,0,2022101,-73.8203,-134.1071,0,0,0
-73.7882,-134.2753,1,2022102,-73.8165,-134.1165,0,0,0
-73.81,-134.14,1,2022103,-73.8132,-134.1255,0,0,0
-73.81,-134.14,1,2022104,-73.8109,-134.1334,0,0,0
-73.81,-134.14,1,2022105,-73.81,-134.14,1,12,5
-73.81,-134.14,1,2022106,-73.81,-134.1456,0,0,0
-73.81,-134.14,1,2022107,-73.81,-134.1509,0,0,0
-73.81,-134.14,1,2022108,-73.81,-134.1558,0,0,0
-73.81,-134.14,1,2022109,-73.81,-134.1603,0,0,0
-73.81,-134.14,1,2022110,-73.81,-134.1642,0,0,0
-73.81,-134.14,1,2022111,-73.81,-134.1675,0,0,0
-73.81,-134.17,1,2022112,-73.81,-134.17,1,12,5
-73.81,-134.17,1,2022113,0,0,0,0,0
-73.81,-134.17,1,2022114,0,0,0,0,0
-73.81,-134.17,1,2022115,0,0,0,0,0
